% Intrinsic and Extrinsic Camera Parameters
%
% This script file can be directly executed under Matlab to recover the camera intrinsic and extrinsic parameters.
% IMPORTANT: This file contains neither the structure of the calibration objects nor the image coordinates of the calibration points.
%            All those complementary variables are saved in the complete matlab data file Calib_Results.mat.
% For more information regarding the calibration model visit http://www.vision.caltech.edu/bouguetj/calib_doc/


%-- Focal length:
fc = [ 677.284678147566638 ; 677.720439708815775 ];

%-- Principal point:
cc = [ 673.292499746594672 ; 408.161915594847585 ];

%-- Skew coefficient:
alpha_c = 0.000000000000000;

%-- Distortion coefficients:
kc = [ -0.160436180850097 ; 0.003785335609783 ; -0.000343601751697 ; -0.000827910941532 ; 0.000000000000000 ];

%-- Focal length uncertainty:
fc_error = [ 9.431814064337026 ; 9.425241604257607 ];

%-- Principal point uncertainty:
cc_error = [ 2.584146313326194 ; 2.571787327489306 ];

%-- Skew coefficient uncertainty:
alpha_c_error = 0.000000000000000;

%-- Distortion coefficients uncertainty:
kc_error = [ 0.005226095451074 ; 0.006193622799109 ; 0.000472503585311 ; 0.000520891886867 ; 0.000000000000000 ];

%-- Image size:
nx = 1280;
ny = 720;


%-- Various other variables (may be ignored if you do not use the Matlab Calibration Toolbox):
%-- Those variables are used to control which intrinsic parameters should be optimized

n_ima = 25;						% Number of calibration images
est_fc = [ 1 ; 1 ];					% Estimation indicator of the two focal variables
est_aspect_ratio = 1;				% Estimation indicator of the aspect ratio fc(2)/fc(1)
center_optim = 1;					% Estimation indicator of the principal point
est_alpha = 0;						% Estimation indicator of the skew coefficient
est_dist = [ 1 ; 1 ; 1 ; 1 ; 0 ];	% Estimation indicator of the distortion coefficients


%-- Extrinsic parameters:
%-- The rotation (omc_kk) and the translation (Tc_kk) vectors for every calibration image and their uncertainties

%-- Image #1:
omc_1 = [ -2.854643e-02 ; 3.094802e+00 ; 1.478316e-01 ];
Tc_1  = [ -8.048865e-01 ; -1.581417e+02 ; 4.688902e+02 ];
omc_error_1 = [ 1.057031e-03 ; 4.318298e-03 ; 5.585910e-03 ];
Tc_error_1  = [ 1.817647e+00 ; 1.808860e+00 ; 6.585585e+00 ];

%-- Image #2:
omc_2 = [ -8.117920e-01 ; 2.877006e+00 ; -1.265401e-02 ];
Tc_2  = [ 7.609581e+01 ; -1.310035e+02 ; 4.944345e+02 ];
omc_error_2 = [ 1.557321e-03 ; 4.071423e-03 ; 4.609781e-03 ];
Tc_error_2  = [ 1.890224e+00 ; 1.856935e+00 ; 6.891323e+00 ];

%-- Image #3:
omc_3 = [ 3.620242e-01 ; 3.024914e+00 ; 1.301171e-01 ];
Tc_3  = [ 4.089647e+01 ; -1.309736e+02 ; 4.457363e+02 ];
omc_error_3 = [ 9.790671e-04 ; 3.585708e-03 ; 5.954760e-03 ];
Tc_error_3  = [ 1.710382e+00 ; 1.710237e+00 ; 6.254323e+00 ];

%-- Image #4:
omc_4 = [ -1.802730e-02 ; 2.952626e+00 ; 1.646998e-01 ];
Tc_4  = [ 3.084096e+01 ; -1.366494e+02 ; 4.667656e+02 ];
omc_error_4 = [ 1.053331e-03 ; 4.494427e-03 ; 6.247643e-03 ];
Tc_error_4  = [ 1.787425e+00 ; 1.787602e+00 ; 6.479624e+00 ];

%-- Image #5:
omc_5 = [ -5.186210e-01 ; 2.807462e+00 ; 3.459593e-02 ];
Tc_5  = [ 9.938794e+01 ; -6.442495e+01 ; 4.625165e+02 ];
omc_error_5 = [ 1.490377e-03 ; 4.752582e-03 ; 4.907594e-03 ];
Tc_error_5  = [ 1.769407e+00 ; 1.729342e+00 ; 6.272665e+00 ];

%-- Image #6:
omc_6 = [ -2.628161e-01 ; 2.995667e+00 ; 2.698056e-02 ];
Tc_6  = [ 1.048527e+02 ; -1.178085e+02 ; 4.513880e+02 ];
omc_error_6 = [ 1.005318e-03 ; 3.751613e-03 ; 5.299139e-03 ];
Tc_error_6  = [ 1.719568e+00 ; 1.708562e+00 ; 6.342535e+00 ];

%-- Image #7:
omc_7 = [ 6.065483e-01 ; 2.994216e+00 ; 1.279005e-01 ];
Tc_7  = [ 5.788014e+01 ; -1.858712e+02 ; 4.248879e+02 ];
omc_error_7 = [ 9.179211e-04 ; 3.436076e-03 ; 5.636155e-03 ];
Tc_error_7  = [ 1.642841e+00 ; 1.643657e+00 ; 5.977507e+00 ];

%-- Image #8:
omc_8 = [ 3.169454e-01 ; 2.979956e+00 ; 2.399931e-01 ];
Tc_8  = [ 5.399752e+01 ; -1.786250e+02 ; 4.036282e+02 ];
omc_error_8 = [ 9.053941e-04 ; 3.771790e-03 ; 5.931246e-03 ];
Tc_error_8  = [ 1.558398e+00 ; 1.572809e+00 ; 5.651596e+00 ];

%-- Image #9:
omc_9 = [ -2.584403e-01 ; 3.013551e+00 ; 3.839447e-01 ];
Tc_9  = [ 9.442410e+01 ; -1.480186e+02 ; 4.123996e+02 ];
omc_error_9 = [ 9.680731e-04 ; 3.649079e-03 ; 6.823035e-03 ];
Tc_error_9  = [ 1.598141e+00 ; 1.603581e+00 ; 5.786556e+00 ];

%-- Image #10:
omc_10 = [ -5.858682e-01 ; 2.964509e+00 ; 1.667006e-01 ];
Tc_10  = [ 1.104634e+02 ; -5.265626e+01 ; 4.226032e+02 ];
omc_error_10 = [ 9.525700e-04 ; 3.561631e-03 ; 5.386287e-03 ];
Tc_error_10  = [ 1.607940e+00 ; 1.609050e+00 ; 5.982820e+00 ];

%-- Image #11:
omc_11 = [ -3.944508e-03 ; 2.998150e+00 ; 3.073054e-01 ];
Tc_11  = [ 1.892282e+01 ; -1.762241e+02 ; 4.236009e+02 ];
omc_error_11 = [ 9.578490e-04 ; 3.929884e-03 ; 5.966852e-03 ];
Tc_error_11  = [ 1.635031e+00 ; 1.644928e+00 ; 5.853816e+00 ];

%-- Image #12:
omc_12 = [ -7.461721e-01 ; 2.866108e+00 ; 2.252196e-01 ];
Tc_12  = [ 6.441197e+01 ; -1.058230e+02 ; 3.877002e+02 ];
omc_error_12 = [ 1.246706e-03 ; 3.909714e-03 ; 5.082409e-03 ];
Tc_error_12  = [ 1.479757e+00 ; 1.483891e+00 ; 5.376405e+00 ];

%-- Image #13:
omc_13 = [ 6.298629e-01 ; 3.050864e+00 ; 1.396657e-01 ];
Tc_13  = [ 2.790081e-01 ; -1.827038e+02 ; 4.056249e+02 ];
omc_error_13 = [ 9.523172e-04 ; 2.945635e-03 ; 5.368149e-03 ];
Tc_error_13  = [ 1.580371e+00 ; 1.578174e+00 ; 5.688023e+00 ];

%-- Image #14:
omc_14 = [ -8.150028e-03 ; 3.103628e+00 ; 8.133956e-02 ];
Tc_14  = [ 3.783549e+01 ; -1.612761e+02 ; 3.977913e+02 ];
omc_error_14 = [ 9.362032e-04 ; 3.187944e-03 ; 5.200793e-03 ];
Tc_error_14  = [ 1.544955e+00 ; 1.530089e+00 ; 5.584335e+00 ];

%-- Image #15:
omc_15 = [ -5.338078e-01 ; 2.990158e+00 ; 1.006287e-01 ];
Tc_15  = [ 6.898688e+01 ; -9.006145e+01 ; 4.000771e+02 ];
omc_error_15 = [ 1.018385e-03 ; 3.197740e-03 ; 4.806828e-03 ];
Tc_error_15  = [ 1.532959e+00 ; 1.522547e+00 ; 5.625832e+00 ];

%-- Image #16:
omc_16 = [ -5.170572e-01 ; 2.978908e+00 ; 2.173752e-01 ];
Tc_16  = [ 1.179422e+02 ; -7.919882e+01 ; 4.047857e+02 ];
omc_error_16 = [ 9.112771e-04 ; 3.486254e-03 ; 5.496507e-03 ];
Tc_error_16  = [ 1.544266e+00 ; 1.553483e+00 ; 5.729848e+00 ];

%-- Image #17:
omc_17 = [ -9.111828e-01 ; 2.886272e+00 ; 1.701454e-01 ];
Tc_17  = [ 1.002713e+02 ; -5.556500e+01 ; 4.086902e+02 ];
omc_error_17 = [ 1.159511e-03 ; 3.080847e-03 ; 4.884310e-03 ];
Tc_error_17  = [ 1.559870e+00 ; 1.553754e+00 ; 5.754536e+00 ];

%-- Image #18:
omc_18 = [ 1.373247e-02 ; 3.031706e+00 ; 6.531392e-02 ];
Tc_18  = [ 4.695965e+01 ; -1.781523e+02 ; 3.449631e+02 ];
omc_error_18 = [ 6.678172e-04 ; 3.099131e-03 ; 3.740156e-03 ];
Tc_error_18  = [ 1.340169e+00 ; 1.321283e+00 ; 4.844095e+00 ];

%-- Image #19:
omc_19 = [ -1.952085e-02 ; 3.134519e+00 ; 1.506833e-01 ];
Tc_19  = [ 1.088736e+02 ; -1.134092e+02 ; 6.090273e+02 ];
omc_error_19 = [ 9.855144e-04 ; 4.474501e-03 ; 8.839717e-03 ];
Tc_error_19  = [ 2.346443e+00 ; 2.338815e+00 ; 8.633574e+00 ];

%-- Image #20:
omc_20 = [ -9.444804e-01 ; 2.913619e+00 ; 1.736668e-01 ];
Tc_20  = [ 1.284407e+02 ; -6.425194e+01 ; 5.986197e+02 ];
omc_error_20 = [ 1.812809e-03 ; 4.349691e-03 ; 8.316224e-03 ];
Tc_error_20  = [ 2.286294e+00 ; 2.287603e+00 ; 8.482960e+00 ];

%-- Image #21:
omc_21 = [ 1.284350e-02 ; 3.136075e+00 ; 1.357330e-01 ];
Tc_21  = [ 5.672540e+01 ; -1.777791e+02 ; 7.073195e+02 ];
omc_error_21 = [ 1.362609e-03 ; 8.246679e-03 ; 1.102743e-02 ];
Tc_error_21  = [ 2.728522e+00 ; 2.725357e+00 ; 1.002352e+01 ];

%-- Image #22:
omc_22 = [ -6.755821e-01 ; 3.039179e+00 ; 1.306007e-01 ];
Tc_22  = [ 6.084713e+01 ; -1.525947e+02 ; 7.219049e+02 ];
omc_error_22 = [ 2.512321e-03 ; 7.438294e-03 ; 1.047352e-02 ];
Tc_error_22  = [ 2.782130e+00 ; 2.774082e+00 ; 1.020836e+01 ];

%-- Image #23:
omc_23 = [ -9.648842e-02 ; 3.112007e+00 ; 8.526861e-02 ];
Tc_23  = [ 8.396075e+01 ; -1.826430e+02 ; 7.394128e+02 ];
omc_error_23 = [ 1.423011e-03 ; 6.026824e-03 ; 1.175062e-02 ];
Tc_error_23  = [ 2.843522e+00 ; 2.836435e+00 ; 1.043297e+01 ];

%-- Image #24:
