% Intrinsic and Extrinsic Camera Parameters
%
% This script file can be directly executed under Matlab to recover the camera intrinsic and extrinsic parameters.
% IMPORTANT: This file contains neither the structure of the calibration objects nor the image coordinates of the calibration points.
%            All those complementary variables are saved in the complete matlab data file Calib_Results.mat.
% For more information regarding the calibration model visit http://www.vision.caltech.edu/bouguetj/calib_doc/


%-- Focal length:
fc = [ 680.859710071307177 ; 681.109955814805630 ];

%-- Principal point:
cc = [ 664.112010783491996 ; 399.066418756335224 ];

%-- Skew coefficient:
alpha_c = 0.000000000000000;

%-- Distortion coefficients:
kc = [ -0.164223700392640 ; 0.001766061501980 ; -0.000447051641777 ; 0.000544507270075 ; 0.000000000000000 ];

%-- Focal length uncertainty:
fc_error = [ 8.582254063406292 ; 8.545303984882601 ];

%-- Principal point uncertainty:
cc_error = [ 2.008052396092528 ; 2.044578117936109 ];

%-- Skew coefficient uncertainty:
alpha_c_error = 0.000000000000000;

%-- Distortion coefficients uncertainty:
kc_error = [ 0.005494300849032 ; 0.007873666843970 ; 0.000656298761370 ; 0.000413514875841 ; 0.000000000000000 ];

%-- Image size:
nx = 1280;
ny = 720;


%-- Various other variables (may be ignored if you do not use the Matlab Calibration Toolbox):
%-- Those variables are used to control which intrinsic parameters should be optimized

n_ima = 25;						% Number of calibration images
est_fc = [ 1 ; 1 ];					% Estimation indicator of the two focal variables
est_aspect_ratio = 1;				% Estimation indicator of the aspect ratio fc(2)/fc(1)
center_optim = 1;					% Estimation indicator of the principal point
est_alpha = 0;						% Estimation indicator of the skew coefficient
est_dist = [ 1 ; 1 ; 1 ; 1 ; 0 ];	% Estimation indicator of the distortion coefficients


%-- Extrinsic parameters:
%-- The rotation (omc_kk) and the translation (Tc_kk) vectors for every calibration image and their uncertainties

%-- Image #1:
omc_1 = [ -2.668797e-02 ; 3.086056e+00 ; 1.575354e-01 ];
Tc_1  = [ 1.138572e+02 ; -1.622862e+02 ; 4.712273e+02 ];
omc_error_1 = [ 7.157942e-04 ; 3.394524e-03 ; 4.639723e-03 ];
Tc_error_1  = [ 1.401774e+00 ; 1.446741e+00 ; 6.038479e+00 ];

%-- Image #2:
omc_2 = [ -8.080153e-01 ; 2.871247e+00 ; -7.615932e-03 ];
Tc_2  = [ 1.907092e+02 ; -1.353629e+02 ; 4.973457e+02 ];
omc_error_2 = [ 1.379590e-03 ; 3.158094e-03 ; 3.752261e-03 ];
Tc_error_2  = [ 1.455477e+00 ; 1.484316e+00 ; 6.297220e+00 ];

%-- Image #3:
omc_3 = [ 3.627034e-01 ; 3.019065e+00 ; 1.373844e-01 ];
Tc_3  = [ 1.559231e+02 ; -1.349542e+02 ; 4.487704e+02 ];
omc_error_3 = [ 7.757455e-04 ; 2.850085e-03 ; 4.273584e-03 ];
Tc_error_3  = [ 1.317065e+00 ; 1.363754e+00 ; 5.719304e+00 ];

%-- Image #4:
omc_4 = [ -1.621356e-02 ; 2.943666e+00 ; 1.761022e-01 ];
Tc_4  = [ 1.456499e+02 ; -1.407801e+02 ; 4.694056e+02 ];
omc_error_4 = [ 7.640822e-04 ; 3.476752e-03 ; 4.367967e-03 ];
Tc_error_4  = [ 1.381052e+00 ; 1.422577e+00 ; 5.914155e+00 ];

%-- Image #5:
omc_5 = [ -5.147551e-01 ; 2.799496e+00 ; 4.359141e-02 ];
Tc_5  = [ 2.144744e+02 ; -6.853658e+01 ; 4.658376e+02 ];
omc_error_5 = [ 1.277210e-03 ; 3.614842e-03 ; 3.220050e-03 ];
Tc_error_5  = [ 1.379425e+00 ; 1.390006e+00 ; 5.708953e+00 ];

%-- Image #6:
omc_6 = [ -2.603831e-01 ; 2.990260e+00 ; 3.661246e-02 ];
Tc_6  = [ 2.199062e+02 ; -1.218446e+02 ; 4.542197e+02 ];
omc_error_6 = [ 8.152292e-04 ; 2.764088e-03 ; 3.467877e-03 ];
Tc_error_6  = [ 1.323102e+00 ; 1.366491e+00 ; 5.775408e+00 ];

%-- Image #7:
omc_7 = [ 6.067203e-01 ; 2.989620e+00 ; 1.372403e-01 ];
Tc_7  = [ 1.730503e+02 ; -1.896779e+02 ; 4.271804e+02 ];
omc_error_7 = [ 8.492728e-04 ; 2.663176e-03 ; 3.955080e-03 ];
Tc_error_7  = [ 1.257902e+00 ; 1.309743e+00 ; 5.470311e+00 ];

%-- Image #8:
omc_8 = [ 3.173949e-01 ; 2.972901e+00 ; 2.521572e-01 ];
Tc_8  = [ 1.694273e+02 ; -1.822205e+02 ; 4.056781e+02 ];
omc_error_8 = [ 7.813840e-04 ; 3.018924e-03 ; 4.195425e-03 ];
Tc_error_8  = [ 1.195056e+00 ; 1.255273e+00 ; 5.195747e+00 ];

%-- Image #9:
omc_9 = [ -2.572784e-01 ; 3.004418e+00 ; 3.946760e-01 ];
Tc_9  = [ 2.097173e+02 ; -1.517415e+02 ; 4.149461e+02 ];
omc_error_9 = [ 8.084068e-04 ; 3.322507e-03 ; 5.410192e-03 ];
Tc_error_9  = [ 1.233358e+00 ; 1.293817e+00 ; 5.347099e+00 ];

%-- Image #10:
omc_10 = [ -5.838815e-01 ; 2.959613e+00 ; 1.807805e-01 ];
Tc_10  = [ 2.259862e+02 ; -5.637177e+01 ; 4.252435e+02 ];
omc_error_10 = [ 8.671289e-04 ; 2.818346e-03 ; 3.986988e-03 ];
Tc_error_10  = [ 1.236360e+00 ; 1.291597e+00 ; 5.443428e+00 ];

%-- Image #11:
omc_11 = [ -3.243705e-03 ; 2.993776e+00 ; 3.197234e-01 ];
Tc_11  = [ 1.340844e+02 ; -1.798849e+02 ; 4.250033e+02 ];
omc_error_11 = [ 7.596133e-04 ; 3.302287e-03 ; 4.438783e-03 ];
Tc_error_11  = [ 1.259095e+00 ; 1.320910e+00 ; 5.434763e+00 ];

%-- Image #12:
omc_12 = [ -7.440696e-01 ; 2.861934e+00 ; 2.347899e-01 ];
Tc_12  = [ 1.800544e+02 ; -1.092485e+02 ; 3.896502e+02 ];
omc_error_12 = [ 1.078085e-03 ; 3.249937e-03 ; 3.695047e-03 ];
Tc_error_12  = [ 1.143352e+00 ; 1.198775e+00 ; 4.972692e+00 ];

%-- Image #13:
omc_13 = [ 6.301991e-01 ; 3.044524e+00 ; 1.514989e-01 ];
Tc_13  = [ 1.155840e+02 ; -1.863556e+02 ; 4.075704e+02 ];
omc_error_13 = [ 7.475617e-04 ; 2.397771e-03 ; 4.333650e-03 ];
Tc_error_13  = [ 1.218383e+00 ; 1.259747e+00 ; 5.219644e+00 ];

%-- Image #14:
omc_14 = [ -5.961389e-03 ; 3.095369e+00 ; 9.692964e-02 ];
Tc_14  = [ 1.532625e+02 ; -1.648859e+02 ; 3.998362e+02 ];
omc_error_14 = [ 5.540036e-04 ; 2.213754e-03 ; 3.646852e-03 ];
Tc_error_14  = [ 1.192858e+00 ; 1.227756e+00 ; 5.129694e+00 ];

%-- Image #15:
omc_15 = [ -5.309199e-01 ; 2.982847e+00 ; 1.146181e-01 ];
Tc_15  = [ 1.845438e+02 ; -9.365340e+01 ; 4.025356e+02 ];
omc_error_15 = [ 8.017244e-04 ; 2.482539e-03 ; 3.462205e-03 ];
Tc_error_15  = [ 1.179557e+00 ; 1.222902e+00 ; 5.150786e+00 ];

%-- Image #16:
omc_16 = [ -5.149361e-01 ; 2.970582e+00 ; 2.289426e-01 ];
Tc_16  = [ 2.334533e+02 ; -8.281120e+01 ; 4.077112e+02 ];
omc_error_16 = [ 7.732993e-04 ; 2.713481e-03 ; 3.972717e-03 ];
Tc_error_16  = [ 1.188096e+00 ; 1.249942e+00 ; 5.229753e+00 ];

%-- Image #17:
omc_17 = [ -9.064472e-01 ; 2.876907e+00 ; 1.802235e-01 ];
Tc_17  = [ 1.984787e+02 ; -3.491096e+01 ; 4.143466e+02 ];
omc_error_17 = [ 1.204134e-03 ; 2.824600e-03 ; 4.583370e-03 ];
Tc_error_17  = [ 1.205006e+00 ; 1.256005e+00 ; 5.298180e+00 ];

%-- Image #18:
omc_18 = [ 1.511333e-02 ; 3.028120e+00 ; 7.787309e-02 ];
Tc_18  = [ 1.630455e+02 ; -1.812690e+02 ; 3.462290e+02 ];
omc_error_18 = [ 6.256973e-04 ; 2.552782e-03 ; 2.970726e-03 ];
Tc_error_18  = [ 1.022923e+00 ; 1.053022e+00 ; 4.449187e+00 ];

%-- Image #19:
omc_19 = [ -1.825615e-02 ; 3.125052e+00 ; 1.634778e-01 ];
Tc_19  = [ 2.222138e+02 ; -1.187597e+02 ; 6.130275e+02 ];
omc_error_19 = [ 8.177246e-04 ; 3.508558e-03 ; 6.830162e-03 ];
Tc_error_19  = [ 1.821582e+00 ; 1.870332e+00 ; 7.820422e+00 ];

%-- Image #20:
omc_20 = [ -9.396633e-01 ; 2.902992e+00 ; 1.824108e-01 ];
Tc_20  = [ 2.419404e+02 ; -6.957152e+01 ; 6.032636e+02 ];
omc_error_20 = [ 1.582641e-03 ; 3.286564e-03 ; 6.321624e-03 ];
Tc_error_20  = [ 1.765276e+00 ; 1.833629e+00 ; 7.714631e+00 ];

%-- Image #21:
omc_21 = [ 1.410205e-02 ; 3.128153e+00 ; 1.505798e-01 ];
Tc_21  = [ 1.689795e+02 ; -1.838664e+02 ; 7.109368e+02 ];
omc_error_21 = [ 1.028618e-03 ; 5.598610e-03 ; 7.304888e-03 ];
Tc_error_21  = [ 2.112313e+00 ; 2.174724e+00 ; 9.088177e+00 ];

%-- Image #22:
omc_22 = [ -6.720807e-01 ; 3.027875e+00 ; 1.462377e-01 ];
Tc_22  = [ 1.729844e+02 ; -1.587236e+02 ; 7.258672e+02 ];
omc_error_22 = [ 2.008094e-03 ; 6.158042e-03 ; 7.906754e-03 ];
Tc_error_22  = [ 2.153092e+00 ; 2.217262e+00 ; 9.285763e+00 ];

%-- Image #23:
omc_23 = [ -9.502277e-02 ; 3.104774e+00 ; 1.122592e-01 ];
Tc_23  = [ 1.959033e+02 ; -1.889389e+02 ; 7.426787e+02 ];
omc_error_23 = [ 1.285055e-03 ; 5.567252e-03 ; 1.014601e-02 ];
Tc_error_23  = [ 2.197048e+00 ; 2.268566e+00 ; 9.488731e+00 ];

%-- Image #24:
omc_24 = [ 6.205143e-01 ; 3.047313e+00 ; 8.135114e-02 ];
